INT	INT	INT	INT	INT	INT	INT	INT	INT	INT	INT	INT	INT	INT	INT	INT	INT
城镇大厅	采集速度（N点资源/分钟）	1怪物小兵种类1	1怪物小兵数量1	1怪物英雄1	1怪物小兵种类2	1怪物小兵数量2	1怪物英雄2	1怪物小兵种类3	1怪物小兵数量3	1怪物英雄3	1怪物小兵种类4	1怪物小兵数量4	1怪物英雄4	1怪物小兵种类5	1怪物小兵数量5	1怪物英雄5
#id	collectSpeed	monsterUnit1_1	monsterCount1_1	hero1	monsterUnit1_2	monsterCount1_2	hero2	monsterUnit1_3	monsterCount1_3	hero3	monsterUnit1_4	monsterCount1_4	hero4	monsterUnit1_5	monsterCount1_5	hero5
1	12	20005	25	8	20005	25	8	20005	25	8	20005	25	8	20005	25	8
2	21	20010	70	20	20010	70	20	20010	70	20	20010	70	20	20010	70	20
3	24	20024	100	26	20024	100	26	20024	100	26	20024	100	26	20024	100	26
4	33	20030	130	35	20030	130	35	20030	130	35	20030	130	35	20030	130	35
5	36	20043	180	45	20043	180	45	20043	180	45	20043	180	45	20043	180	45
6	45	20073	250	80	20073	250	80	20073	250	80	20073	250	80	20073	250	80
7	54	20088	300	96	20088	300	96	20088	300	96	20088	300	96	20088	300	96
8	63	20007	400	113	20007	400	113	20007	400	113	20007	400	113	20007	400	113
9	72	20132	500	164	20132	500	164	20132	500	164	20132	500	164	20132	500	164
