INT	INT	STRING	INT	INT	INT	INT	INT	INT	INT	INT	INT	INT	INT	INT	INT	INT	INT
ID	兵种小类	兵种名称	兵种类型(1步 2骑 3弓)	兵种等级	升阶需要科技院等级	 升阶需要的金币	 升阶需要的食物	升阶需要的时间	兵种被杀死对方获得经验	兵种生命值           	兵种攻击力	兵种防御力 	兵种魔法抗性	 购买需要的金币	 购买需要的食物	购买需要的时间（毫秒）	战斗形象（1剑盾，2弓，3十字弓，4枪械，5单手斧，6双持斧，7锤，8低级长枪，9中级长枪，10高级长枪）
#id	category	name	type	level	scienceLevel	upgradeCostCoin	upgradeCostFood	upgradeCostTime	experience	life	attack	defense	resistance	trainCostCoin	trainCostFood	trainCostTime	animation
11101	111	Troop_11101	1	0	0	0	0	0	10	10	4	3	1	3	5	0	37
11102	111	Troop_11102	1	1	1	0	3000	14400	15	12	5	5	1	4	8	0	37
11103	111	Troop_11103	1	2	2	0	15000	21600	20	15	8	6	2	7	12	0	37
11104	111	Troop_11104	1	3	3	0	50000	43200	25	18	9	8	2	8	16	0	37
11105	111	Troop_11105	1	4	4	0	150000	86400	30	21	10	10	3	9	20	0	37
11106	111	Troop_11106	1	5	5	0	500000	172800	35	22	11	12	3	10	24	0	37
11107	111	Troop_11107	1	6	6	0	1000000	259200	30	27	13	13	4	11	28	0	37
11108	111	Troop_11108	1	7	7	0	1500000	388800	40	29	15	15	4	12	32	0	37
11109	111	Troop_11109	1	8	8	0	2500000	518400	45	32	17	17	5	13	36	0	37
11110	111	Troop_11110	1	9	9	0	3500000	691200	50	34	18	18	5	14	40	0	37
11201	112	Troop_11201	1	1	1	0	3000	14400	15	11	6	2	1	5	8	0	2
11202	112	Troop_11202	1	2	2	0	15000	21600	20	15	9	3	2	7	12	0	2
11203	112	Troop_11203	1	3	3	0	50000	43200	25	18	11	3	2	8	17	0	2
11204	112	Troop_11204	1	4	4	0	150000	86400	30	21	13	3	3	9	20	0	3
11205	112	Troop_11205	1	5	5	0	500000	172800	35	21	16	3	3	10	24	0	3
11206	112	Troop_11206	1	6	6	0	1000000	259200	30	26	18	4	4	11	26	0	3
11207	112	Troop_11207	1	7	7	0	1500000	388800	40	27	22	5	4	12	32	0	3
11208	112	Troop_11208	1	8	8	0	2500000	518400	45	28	27	6	5	13	36	0	3
11209	112	Troop_11209	1	9	9	0	3500000	691200	50	28	30	7	5	14	38	0	3
11301	113	Troop_11301	1	4	4	0	150000	86400	30	30	6	17	9	9	20	0	4
11302	113	Troop_11302	1	5	5	0	500000	172800	35	30	7	18	10	10	24	0	4
11303	113	Troop_11303	1	6	6	0	1000000	259200	30	34	9	19	12	11	28	0	4
11304	113	Troop_11304	1	7	7	0	1500000	388800	40	34	11	21	15	12	32	0	4
11305	113	Troop_11305	1	8	8	0	2500000	518400	45	35	13	23	16	13	36	0	4
11306	113	Troop_11306	1	9	9	0	3500000	691200	50	35	15	25	20	14	40	0	4
12101	121	Troop_12101	2	0	0	0	0	0	10	10	5	4	1	3	5	0	6
12102	121	Troop_12102	2	1	1	0	3000	14400	15	10	7	6	1	4	8	0	6
12103	121	Troop_12103	2	2	2	0	15000	21600	20	14	10	7	1	7	12	0	6
12104	121	Troop_12104	2	3	3	0	50000	43200	25	17	12	7	1	8	16	0	6
12105	121	Troop_12105	2	4	4	0	150000	86400	30	20	13	8	2	9	20	0	6
12106	121	Troop_12106	2	5	5	0	500000	172800	35	22	15	8	2	10	24	0	6
12107	121	Troop_12107	2	6	6	0	1000000	259200	30	27	17	9	2	11	28	0	6
12108	121	Troop_12108	2	7	7	0	1500000	388800	40	29	20	11	2	12	32	0	6
12109	121	Troop_12109	2	8	8	0	2500000	518400	45	31	23	13	2	13	36	0	6
12110	121	Troop_12110	2	9	9	0	3500000	691200	50	31	25	14	2	14	40	0	6
12201	122	Troop_12201	2	2	2	0	15000	21600	20	16	8	11	1	6	12	0	5
12202	122	Troop_12202	2	3	3	0	50000	43200	25	17	10	12	1	8	16	0	5
12203	122	Troop_12203	2	4	4	0	150000	86400	30	20	11	13	2	9	20	0	5
12204	122	Troop_12204	2	5	5	0	500000	172800	35	23	12	14	2	10	24	0	5
12205	122	Troop_12205	2	6	6	0	1000000	259200	30	30	13	15	2	11	28	0	5
12206	122	Troop_12206	2	7	7	0	1500000	388800	40	34	15	17	2	12	32	0	5
12207	122	Troop_12207	2	8	8	0	2500000	518400	45	36	18	19	2	13	36	0	5
12208	122	Troop_12208	2	9	9	0	3500000	691200	50	36	19	21	10	14	40	0	5
12301	123	Troop_12301	2	5	5	0	500000	172800	35	24	12	12	10	9	24	0	11
12302	123	Troop_12302	2	6	6	0	1000000	259200	30	31	13	13	12	12	28	0	11
12303	123	Troop_12303	2	7	7	0	1500000	388800	40	35	15	15	15	13	32	0	11
12304	123	Troop_12304	2	8	8	0	2500000	518400	45	36	18	17	16	14	36	0	11
12305	123	Troop_12305	2	9	9	0	3500000	691200	50	36	19	18	20	15	40	0	11
13101	131	Troop_13101	3	0	0	0	0	0	10	8	3	2	3	3	5	0	8
13102	131	Troop_13102	3	1	1	0	2000	14400	15	8	5	3	5	4	8	0	8
13103	131	Troop_13103	3	2	2	0	15000	21600	20	12	7	4	6	8	12	0	8
13104	131	Troop_13104	3	3	3	0	50000	43200	25	16	8	5	7	9	16	0	8
13105	131	Troop_13105	3	4	4	0	150000	86400	30	19	9	6	8	10	20	0	8
13106	131	Troop_13106	3	5	5	0	500000	172800	35	22	10	7	10	11	24	0	8
13107	131	Troop_13107	3	6	6	0	1000000	259200	30	25	12	8	12	11	28	0	8
13108	131	Troop_13108	3	7	7	0	1500000	388800	40	27	14	9	14	12	32	0	8
13109	131	Troop_13109	3	8	8	0	2500000	518400	45	31	16	10	16	13	36	0	8
13110	131	Troop_13110	3	9	9	0	3500000	691200	50	31	18	11	20	14	40	0	8
13201	132	Troop_13201	3	3	3	0	50000	43200	25	23	5	12	3	8	16	0	9
13202	132	Troop_13202	3	4	4	0	150000	86400	30	24	6	12	4	10	20	0	9
13203	132	Troop_13203	3	5	5	0	500000	172800	35	24	8	13	5	11	24	0	9
13204	132	Troop_13204	3	6	6	0	1000000	259200	30	26	10	14	6	11	28	0	9
13205	132	Troop_13205	3	7	7	0	1500000	388800	40	27	12	15	7	12	32	0	9
13206	132	Troop_13206	3	8	8	0	2500000	518400	45	34	13	16	8	13	36	0	9
13207	132	Troop_13207	3	9	9	0	3500000	691200	50	34	15	16	10	14	40	0	9
13301	133	Troop_13301	3	6	6	0	1000000	259200	30	26	11	13	0	11	28	0	10
13302	133	Troop_13302	3	7	7	0	1500000	388800	40	26	13	14	0	12	32	0	10
13303	133	Troop_13303	3	8	8	0	2500000	518400	45	32	14	15	0	13	36	0	10
13304	133	Troop_13304	3	9	9	0	3500000	691200	50	32	16	15	0	14	40	0	10
20001	0	Troop_20001	1	0	0	0	0	0	3	3	3	1	1	0	0	0	1
20002	0	Troop_20002	1	0	0	0	0	0	4	3	4	1	1	0	0	0	25
20003	0	Troop_20003	1	0	0	0	0	0	6	4	4	1	1	0	0	0	25
20004	0	Troop_20004	1	0	0	0	0	0	9	4	4	1	1	0	0	0	19
20005	0	Troop_20005	1	0	0	0	0	0	11	5	5	2	1	0	0	0	25
20006	0	Troop_20006	1	0	0	0	0	0	13	5	5	2	1	0	0	0	32
20007	0	Troop_20007	2	0	0	0	0	0	17	6	4	2	1	0	0	0	5
20008	0	Troop_20008	3	0	0	0	0	0	17	7	2	2	1	0	0	0	21
20009	0	Troop_20009	1	0	0	0	0	0	20	6	5	2	1	0	0	0	35
20010	0	Troop_20010	1	0	0	0	0	0	22	6	5	3	2	0	0	0	17
20011	0	Troop_20011	3	0	0	0	0	0	22	7	2	3	2	0	0	0	18
20012	0	Troop_20012	2	0	0	0	0	0	22	6	4	3	2	0	0	0	26
20013	0	Troop_20013	2	0	0	0	0	0	23	7	6	3	2	0	0	0	14
20014	0	Troop_20014	1	0	0	0	0	0	23	7	5	3	2	0	0	0	1
20015	0	Troop_20015	3	0	0	0	0	0	23	8	2	4	2	0	0	0	23
20016	0	Troop_20016	1	0	0	0	0	0	22	7	6	4	2	0	0	0	31
20017	0	Troop_20017	3	0	0	0	0	0	22	8	3	4	2	0	0	0	23
20018	0	Troop_20018	2	0	0	0	0	0	22	7	4	4	2	0	0	0	26
20019	0	Troop_20019	3	0	0	0	0	0	27	9	3	4	2	0	0	0	21
20020	0	Troop_20020	1	0	0	0	0	0	27	8	6	5	3	0	0	0	1
20021	0	Troop_20021	2	0	0	0	0	0	27	8	6	5	3	0	0	0	14
20022	0	Troop_20022	1	0	0	0	0	0	31	8	6	5	3	0	0	0	37
20023	0	Troop_20023	2	0	0	0	0	0	31	8	6	5	3	0	0	0	27
20024	0	Troop_20024	3	0	0	0	0	0	31	9	3	5	3	0	0	0	21
20025	0	Troop_20025	2	0	0	0	0	0	35	9	6	5	3	0	0	0	14
20026	0	Troop_20026	3	0	0	0	0	0	35	10	3	6	3	0	0	0	21
20027	0	Troop_20027	1	0	0	0	0	0	35	9	6	6	3	0	0	0	1
20028	0	Troop_20028	2	0	0	0	0	0	39	9	6	6	3	0	0	0	14
20029	0	Troop_20029	1	0	0	0	0	0	39	9	6	6	3	0	0	0	1
20030	0	Troop_20030	3	0	0	0	0	0	39	10	3	6	3	0	0	0	21
20031	0	Troop_20031	1	0	0	0	0	0	43	10	7	6	3	0	0	0	17
20032	0	Troop_20032	3	0	0	0	0	0	43	11	3	7	3	0	0	0	24
20033	0	Troop_20033	2	0	0	0	0	0	43	10	6	7	3	0	0	0	26
20034	0	Troop_20034	2	0	0	0	0	0	47	10	6	7	3	0	0	0	26
20035	0	Troop_20035	1	0	0	0	0	0	47	10	7	7	3	0	0	0	29
20036	0	Troop_20036	3	0	0	0	0	0	47	11	3	7	3	0	0	0	21
20037	0	Troop_20037	1	0	0	0	0	0	41	11	7	7	3	0	0	0	30
20038	0	Troop_20038	3	0	0	0	0	0	41	12	3	7	3	0	0	0	23
20039	0	Troop_20039	2	0	0	0	0	0	41	11	6	8	4	0	0	0	26
20040	0	Troop_20040	3	0	0	0	0	0	51	12	3	8	4	0	0	0	15
20041	0	Troop_20041	2	0	0	0	0	0	51	11	6	8	4	0	0	0	26
20042	0	Troop_20042	1	0	0	0	0	0	51	11	7	8	4	0	0	0	17
20043	0	Troop_20043	1	0	0	0	0	0	55	12	7	8	4	0	0	0	43
20044	0	Troop_20044	2	0	0	0	0	0	55	12	8	8	4	0	0	0	44
20045	0	Troop_20045	3	0	0	0	0	0	55	13	3	8	4	0	0	0	42
20046	0	Troop_20046	2	0	0	0	0	0	59	12	8	8	4	0	0	0	14
20047	0	Troop_20047	3	0	0	0	0	0	59	13	4	9	4	0	0	0	21
20048	0	Troop_20048	1	0	0	0	0	0	59	12	8	9	4	0	0	0	37
20049	0	Troop_20049	3	0	0	0	0	0	63	14	4	9	4	0	0	0	13
20050	0	Troop_20050	1	0	0	0	0	0	63	13	8	9	4	0	0	0	1
20051	0	Troop_20051	2	0	0	0	0	0	63	13	8	9	4	0	0	0	14
20052	0	Troop_20052	1	0	0	0	0	0	67	13	8	9	4	0	0	0	17
20053	0	Troop_20053	3	0	0	0	0	0	67	14	4	9	4	0	0	0	22
20054	0	Troop_20054	2	0	0	0	0	0	67	13	8	9	4	0	0	0	26
20055	0	Troop_20055	1	0	0	0	0	0	71	14	8	9	4	0	0	0	17
20056	0	Troop_20056	3	0	0	0	0	0	71	15	4	9	4	0	0	0	18
20057	0	Troop_20057	2	0	0	0	0	0	71	14	8	10	5	0	0	0	26
20058	0	Troop_20058	1	0	0	0	0	0	61	14	8	10	5	0	0	0	17
20059	0	Troop_20059	3	0	0	0	0	0	61	15	4	10	5	0	0	0	22
20060	0	Troop_20060	2	0	0	0	0	0	61	14	8	10	5	0	0	0	27
20061	0	Troop_20061	1	0	0	0	0	0	75	15	9	10	5	0	0	0	28
20062	0	Troop_20062	3	0	0	0	0	0	75	16	4	10	5	0	0	0	24
20063	0	Troop_20063	2	0	0	0	0	0	75	15	8	10	5	0	0	0	26
20064	0	Troop_20064	2	0	0	0	0	0	79	15	8	10	5	0	0	0	26
20065	0	Troop_20065	1	0	0	0	0	0	79	15	9	10	5	0	0	0	29
20066	0	Troop_20066	3	0	0	0	0	0	79	16	4	10	5	0	0	0	13
20067	0	Troop_20067	3	0	0	0	0	0	83	17	4	11	6	0	0	0	24
20068	0	Troop_20068	1	0	0	0	0	0	83	16	9	11	6	0	0	0	29
20069	0	Troop_20069	2	0	0	0	0	0	83	16	10	11	6	0	0	0	26
20070	0	Troop_20070	1	0	0	0	0	0	87	16	10	11	6	0	0	0	1
20071	0	Troop_20071	3	0	0	0	0	0	87	17	5	11	6	0	0	0	21
20072	0	Troop_20072	2	0	0	0	0	0	87	16	10	11	6	0	0	0	14
20073	0	Troop_20073	1	0	0	0	0	0	91	17	10	11	6	0	0	0	28
20074	0	Troop_20074	2	0	0	0	0	0	91	17	10	11	6	0	0	0	26
20075	0	Troop_20075	3	0	0	0	0	0	91	18	5	11	6	0	0	0	15
20076	0	Troop_20076	1	0	0	0	0	0	95	17	10	11	6	0	0	0	25
20077	0	Troop_20077	3	0	0	0	0	0	95	18	5	12	7	0	0	0	23
20078	0	Troop_20078	2	0	0	0	0	0	95	17	10	12	7	0	0	0	26
20079	0	Troop_20079	1	0	0	0	0	0	85	18	11	12	7	0	0	0	12
20080	0	Troop_20080	2	0	0	0	0	0	85	18	10	12	7	0	0	0	7
20081	0	Troop_20081	3	0	0	0	0	0	85	19	5	12	7	0	0	0	23
20082	0	Troop_20082	3	0	0	0	0	0	99	19	5	12	7	0	0	0	42
20083	0	Troop_20083	1	0	0	0	0	0	99	18	11	12	7	0	0	0	32
20084	0	Troop_20084	2	0	0	0	0	0	99	18	10	12	7	0	0	0	44
20085	0	Troop_20085	1	0	0	0	0	0	103	19	11	12	7	0	0	0	38
20086	0	Troop_20086	2	0	0	0	0	0	103	19	10	12	7	0	0	0	14
20087	0	Troop_20087	3	0	0	0	0	0	103	20	5	12	7	0	0	0	21
20088	0	Troop_20088	1	0	0	0	0	0	107	19	11	13	8	0	0	0	17
20089	0	Troop_20089	2	0	0	0	0	0	107	19	10	13	8	0	0	0	26
20090	0	Troop_20090	3	0	0	0	0	0	107	20	6	13	8	0	0	0	15
20091	0	Troop_20091	1	0	0	0	0	0	111	20	12	13	8	0	0	0	17
20092	0	Troop_20092	2	0	0	0	0	0	111	20	12	13	8	0	0	0	26
20093	0	Troop_20093	3	0	0	0	0	0	111	21	6	13	8	0	0	0	22
20094	0	Troop_20094	1	0	0	0	0	0	115	20	12	13	8	0	0	0	12
20095	0	Troop_20095	2	0	0	0	0	0	115	20	12	13	8	0	0	0	27
20096	0	Troop_20096	3	0	0	0	0	0	115	21	6	13	8	0	0	0	13
20097	0	Troop_20097	3	0	0	0	0	0	119	22	6	13	8	0	0	0	42
20098	0	Troop_20098	1	0	0	0	0	0	119	21	12	13	8	0	0	0	35
20099	0	Troop_20099	2	0	0	0	0	0	119	21	12	13	8	0	0	0	45
20100	0	Troop_20100	1	0	0	0	0	0	107	21	13	14	9	0	0	0	
20101	0	Troop_20101	2	0	0	0	0	0	107	21	12	14	9	0	0	0	
20102	0	Troop_20102	3	0	0	0	0	0	107	22	6	14	9	0	0	0	41
20103	0	Troop_20103	3	0	0	0	0	0	123	23	6	14	9	0	0	0	20
20104	0	Troop_20104	2	0	0	0	0	0	123	22	12	14	9	0	0	0	16
20105	0	Troop_20105	1	0	0	0	0	0	123	22	13	14	9	0	0	0	12
20106	0	Troop_20106	3	0	0	0	0	0	127	23	6	14	9	0	0	0	23
20107	0	Troop_20107	2	0	0	0	0	0	127	22	12	14	9	0	0	0	16
20108	0	Troop_20108	1	0	0	0	0	0	127	23	13	14	9	0	0	0	29
20109	0	Troop_20109	1	0	0	0	0	0	131	23	14	14	9	0	0	0	39
20110	0	Troop_20110	2	0	0	0	0	0	131	23	12	14	9	0	0	0	14
20111	0	Troop_20111	3	0	0	0	0	0	131	24	7	14	9	0	0	0	23
20112	0	Troop_20112	3	0	0	0	0	0	135	24	7	14	9	0	0	0	13
20113	0	Troop_20113	1	0	0	0	0	0	135	24	14	15	10	0	0	0	29
20114	0	Troop_20114	2	0	0	0	0	0	135	24	14	15	10	0	0	0	26
20115	0	Troop_20115	1	0	0	0	0	0	139	24	14	15	10	0	0	0	30
20116	0	Troop_20116	2	0	0	0	0	0	139	24	14	15	10	0	0	0	26
20117	0	Troop_20117	3	0	0	0	0	0	139	25	7	15	10	0	0	0	22
20118	0	Troop_20118	1	0	0	0	0	0	143	25	14	15	10	0	0	0	19
20119	0	Troop_20119	3	0	0	0	0	0	143	26	7	15	10	0	0	0	21
20120	0	Troop_20120	2	0	0	0	0	0	143	25	14	15	10	0	0	0	26
20121	0	Troop_20121	1	0	0	0	0	0	132	25	15	15	10	0	0	0	43
20122	0	Troop_20122	2	0	0	0	0	0	132	25	14	15	10	0	0	0	44
20123	0	Troop_20123	3	0	0	0	0	0	132	27	7	15	10	0	0	0	42
20124	0	Troop_20124	3	0	0	0	0	0	147	27	7	15	10	0	0	0	20
20125	0	Troop_20125	2	0	0	0	0	0	147	26	14	15	10	0	0	0	16
20126	0	Troop_20126	1	0	0	0	0	0	147	26	15	15	11	0	0	0	12
20127	0	Troop_20127	1	0	0	0	0	0	151	26	15	16	11	0	0	0	17
20128	0	Troop_20128	2	0	0	0	0	0	151	27	14	16	11	0	0	0	26
20129	0	Troop_20129	3	0	0	0	0	0	151	28	8	16	11	0	0	0	18
20130	0	Troop_20130	3	0	0	0	0	0	155	28	8	16	11	0	0	0	20
20131	0	Troop_20131	1	0	0	0	0	0	155	27	16	16	11	0	0	0	40
20132	0	Troop_20132	2	0	0	0	0	0	155	27	14	16	11	0	0	0	16
20133	0	Troop_20133	3	0	0	0	0	0	159	29	8	16	11	0	0	0	13
20134	0	Troop_20134	1	0	0	0	0	0	159	28	16	16	11	0	0	0	3
20135	0	Troop_20135	2	0	0	0	0	0	159	28	16	16	11	0	0	0	14
20136	0	Troop_20136	1	0	0	0	0	0	163	28	16	16	11	0	0	0	17
20137	0	Troop_20137	2	0	0	0	0	0	163	28	16	16	11	0	0	0	27
20138	0	Troop_20138	3	0	0	0	0	0	163	30	8	16	12	0	0	0	23
20139	0	Troop_20139	1	0	0	0	0	0	167	29	17	16	12	0	0	0	31
20140	0	Troop_20140	2	0	0	0	0	0	167	29	16	17	12	0	0	0	26
20141	0	Troop_20141	3	0	0	0	0	0	167	30	8	17	12	0	0	0	23
20142	0	Troop_20142	1	0	0	0	0	0	150	29	17	17	12	0	0	0	
20143	0	Troop_20143	2	0	0	0	0	0	150	30	16	17	12	0	0	0	
20144	0	Troop_20144	3	0	0	0	0	0	150	31	8	17	12	0	0	0	41
20145	0	Troop_20145	1	0	0	0	0	0	171	30	17	17	12	0	0	0	3
20146	0	Troop_20146	2	0	0	0	0	0	171	30	16	17	12	0	0	0	7
20147	0	Troop_20147	3	0	0	0	0	0	171	31	8	17	12	0	0	0	23
20148	0	Troop_20148	3	0	0	0	0	0	175	34	9	17	12	0	0	0	20
20149	0	Troop_20149	2	0	0	0	0	0	175	33	18	17	12	0	0	0	7
20150	0	Troop_20150	1	0	0	0	0	0	175	33	18	17	12	0	0	0	40
20151	0	Troop_20151	2	0	0	0	0	0	9	4	6	2	2	0	0	0	26
20152	0	Troop_20152	1	0	0	0	0	0	13	5	5	2	1	0	0	0	36
20153	0	Troop_20153	1	0	0	0	0	0	20	6	5	2	1	0	0	0	33
100000	0	Troop_100000	1	0	0	0	0	0	0	4	3	3	1	0	0	0	40
100001	0	Troop_100001	2	0	0	0	0	0	0	4	3	2	1	0	0	0	6
100002	0	Troop_100002	1	0	0	0	0	0	0	3	1	2	1	0	0	0	4
100003	0	Troop_100003	3	0	0	0	0	0	0	2	2	1	1	0	0	0	10
100004	0	Troop_100004	3	0	0	0	0	0	0	4	2	1	1	0	0	0	20
100005	0	Troop_100005	3	0	0	0	0	0	0	4	2	1	1	0	0	0	9
100006	0	Troop_100006	1	0	0	0	0	0	0	4	2	2	1	0	0	0	3
100007	0	Troop_100007	2	0	0	0	0	0	0	3	3	2	1	0	0	0	7
100008	0	Troop_100008	2	0	0	0	0	0	0	2	3	1	1	0	0	0	5
100009	0	Troop_100009	1	0	0	0	0	0	0	3	1	2	1	0	0	0	38
100010	0	Troop_100010	3	0	0	0	0	0	0	5	5	2	1	0	0	0	41
